DateTime,Entries,UniqueIPs
1537185615,181071,181071
1537272016,181621,181621
1537358415,182955,182955
1537444816,184113,184113
1537531216,185437,185437
1537617616,186328,186328
1537704015,186617,186617
1537790415,186769,186769
1537876817,187739,187739
1537963216,188739,188739
1538049615,188917,188917
1538136016,189672,189672
1538222416,189856,189856
1538308817,190164,190164
1538395217,190646,190646
1538481615,191925,191925
1538568016,192158,192158
1538654417,192679,192679
1538740815,193388,193388
1538827216,194994,194994
1538913615,195137,195137
1539000017,195058,195058
1539086416,195069,195069
1539172816,195146,195146
1539259215,195913,195913
1539345617,196782,196782
1539432017,197495,197495
1539518416,197358,197358
1539604815,197408,197408
1539691216,196435,196435
1539777617,195612,195612
1539864016,194681,194681
1539950415,194446,194446
1540036815,194713,194713
1540123216,194907,194907
1540209615,195008,195008
1540296016,195944,195944
1540382416,196337,196337
1540468816,196739,196739
1540555216,197401,197401
1540641615,197591,197591
1540728015,197449,197449
1540814415,196877,196877
1540900816,195911,195911
1540987215,195685,195685
1541073616,195503,195503
1541160016,195393,195393
1541246417,195391,195391
1541332815,195206,195206
1541419217,195656,195656
1541505616,195770,195770
1541592015,195869,195869
1541678418,196854,196854
1541764816,197539,197539
1541851217,197842,197842
1541937615,197680,197680
1542024016,197834,197834
1542110415,198535,198535
1542196815,199296,199296
1542283215,199961,199961
1542369615,200111,200111
1542456015,200352,200352
1542542416,199460,199460
1542628816,199749,199749
1542715216,200682,200682
1542801616,201267,201267
1542888017,201240,201240
1542974415,201210,201210
1543060816,201821,201821
1543147216,201994,201994
1543233616,202211,202211
1543320017,202941,202941
1543406414,203118,203118
1543492816,203225,203225
1543579215,203349,203349
1543665616,203810,203810
1543752017,203835,203835
1543838415,203559,203559
1543924816,202882,202882
1544011216,202954,202954
1544097616,203153,203153
1544184018,203350,203350
1544270415,203177,203177
1544356816,202403,202403
1544443216,201652,201652
1544529617,201219,201219
1544616015,200982,200982
1544702415,200925,200925
1544788816,200622,200622
1544875215,200631,200631
1544961616,199936,199936
1545048016,200602,200602
1545134416,200463,200463
1545220816,200229,200229
1545307216,199632,199632
1545393615,199318,199318
1545480015,199324,199324
1545566415,199095,199095
1545652816,198159,198159
1545739215,196943,196943
1545825616,196577,196577
1545912015,196673,196673
1545998416,197195,197195
1546084817,197742,197742
1546214416,197018,197018
1546300815,196983,196983
1546387216,196904,196904
1546473616,197292,197292
1546560016,196351,196351
1546646416,196282,196282
1546732816,197101,197101
1546819216,196647,196647
1546905616,196562,196562
1546992016,196209,196209
1547078416,195517,195517
1547164816,195697,195697
1547251219,196396,196396
1547337615,197220,197220
1547424016,197317,197317
1547510416,197639,197639
1547596816,197964,197964
1547683216,197882,197882
1547769616,198407,198407
1547856016,199005,199005
1547942416,199302,199302
1548028816,199443,199443
1548115215,199450,199450
1548201617,200007,200007
1548288016,199928,199928
1548374416,201045,201045
1548460816,201956,201956
1548547215,203018,203018
1548633616,203678,203678
1548720016,204141,204141
1548806416,204455,204455
1548892815,204372,204372
1548979216,204419,204419
1549065616,204632,204632
1549152016,204298,204298
1549238417,203138,203138
1549324817,203904,203904
1549411216,203915,203915
1549497616,203846,203846
1549584016,204036,204036
1549670416,204360,204360
1549756816,204834,204834
1549843216,204714,204714
1549929616,203878,203878
1550016016,203546,203546
1550102416,202776,202776
1550188816,203271,203271
1550275216,203439,203439
1550361615,203756,203756
1550448016,202659,202659
1550534416,202008,202008
1550620816,201521,201521
1550707215,201123,201123
1550793616,201112,201112
1550880016,201408,201408
1550966416,201240,201240
1551052816,200543,200543
1551139216,200134,200134
1551225617,200158,200158
1551312018,199743,199743
1551398416,200152,200152
1551484817,199961,199961
1551571217,199762,199762
1551657616,199036,199036
1551744017,199206,199206
1551830418,199023,199023
1551916817,199028,199028
1552003217,199511,199511
1552089618,199815,199815
1552176017,200431,200431
1552262416,200679,200679
1552348816,201476,201476
1552435216,201717,201717
1552521617,201462,201462
1552608017,201876,201876
1552694416,202006,202006
1552780817,201302,201302
1552867217,200550,200550
1552953617,199796,199796
1553040017,199541,199541
1553126416,199484,199484
1553212816,199588,199588
1553299216,200010,200010
1553385618,200568,200568
1553472018,200919,200919
1553558417,201614,201614
1553644818,202187,202187
1553731217,201778,201778
1553817616,201922,201922
1553904016,201755,201755
1553990417,201894,201894
1554076817,201079,201079
1554163216,201144,201144
1554249616,200512,200512
1554336017,199752,199752
1554422416,198734,198734
1554508817,197682,197682
1554595215,197170,197170
1554681616,196498,196498
1554768015,196434,196434
1554854416,196106,196106
1554940817,195834,195834
1555027217,195278,195278
1555113616,194552,194552
1555200016,194299,194299
1555286415,193381,193381
1555372817,192614,192614
1555459217,191874,191874
1555545616,190735,190735
1555632016,190160,190160
1555718416,189438,189438
1555804816,188494,188494
1555891216,187238,187238
1555977616,186271,186271
1556064017,185672,185672
1556150418,184640,184640
1556236818,183654,183654
1556323216,182924,182924
1556409618,181598,181598
1556496017,179537,179537
1556582416,177951,177951
1556668817,177505,177505
1556755217,176830,176830
1556841618,177495,177495
1556928017,177725,177725
1557014417,177776,177776
1557100817,176765,176765
1557187216,176348,176348
1557273617,175431,175431
1557360016,174577,174577
1557446417,174190,174190
1557532818,173320,173320
1557619217,172664,172664
1557702016,171771,171771
1557784816,171444,171444
1557871216,171802,171802
1557954015,171203,171203
1558040415,170898,170898
1558126817,170592,170592
1558213216,169964,169964
1558299615,169098,169098
1558386015,168899,168899
1558472416,168775,168775
1558558815,168514,168514
1558645216,168246,168246
1558731616,168191,168191
1558818015,168197,168197
1558904416,167348,167348
1558990815,167555,167555
1559077216,167840,167840
1559163616,167406,167406
1559250015,167053,167053
1559336415,166682,166682
1559422815,166375,166375
1559509216,165338,165338
1559595615,164497,164497
1559682015,163662,163662
1559768414,162710,162710
1559854816,162169,162169
1559937616,162083,162083
1560024015,161699,161699
1560110415,160493,160493
1560193215,160003,160003
1560276016,159646,159646
1560362415,158830,158830
1560448817,158198,158198
1560535216,158421,158421
1560614416,158211,158211
1560700816,157424,157424
1560787216,157006,157006
1560873616,156723,156723
1560960016,156755,156755
1561046415,156593,156593
1561132815,156041,156041
1561219215,155196,155196
1561305616,154351,154351
1561392017,153416,153416
1561478415,153269,153269
1561564815,152656,152656
1561651217,151984,151984
1561737615,151962,151962
1561824015,152443,152443
1561910414,152099,152099
1561996815,152201,152201
1562083214,152705,152705
1562169614,152870,152870
1562256014,152804,152804
1562342415,152757,152757
1562428815,152880,152880
1562515215,152461,152461
1562601616,152444,152444
1562688016,152262,152262
1562774415,152234,152234
1562860815,152225,152225
1562947216,152528,152528
1563033615,152368,152368
1563120015,151625,151625
1563206415,151454,151454
1563292815,151577,151577
1563379215,151438,151438
1563465615,151614,151614
1563552014,151799,151799
1563638415,151722,151722
1563724815,151807,151807
1563811216,151796,151796
1563897615,151978,151978
1563984016,152093,152093
1564070415,152215,152215
1564156815,152697,152697
1564243215,152963,152963
1564329614,152777,152777
1564416015,152809,152809
1564502415,153222,153222
1564588815,153372,153372
1564675215,153318,153318
1564761615,153285,153285
1564848015,153005,153005
1564934414,152404,152404
1565020815,152371,152371
1565107215,152668,152668
1565193615,152967,152967
1565276415,153410,153410
1565359215,153914,153914
1565442015,154268,154268
1565528415,153809,153809
1565614815,153453,153453
1565701214,153255,153255
1565787614,153054,153054
1565874014,152956,152956
1565960414,153029,153029
1566046817,153347,153347
1566133214,153209,153209
1566219614,153182,153182
1566306015,153091,153091
1566392415,153197,153197
1566478815,153433,153433
1566565214,153268,153268
1566651615,153196,153196
1566738015,152410,152410
1566824415,152036,152036
1566910816,152032,152032
1566997216,151847,151847
1567083616,151729,151729
1567170015,151629,151629
1567256416,151608,151608
1567342815,151210,151210
1567429214,151102,151102
1567515614,151341,151341
1567602016,151496,151496
1567688416,151553,151553
1567774815,151550,151550
1567861215,151603,151603
1567947616,151328,151328
1568034015,150927,150927
1568120414,150706,150706
1568206815,150680,150680
1568293215,150457,150457
1568379614,150393,150393
1568466015,150851,150851
1568552416,150650,150650
1568638815,150594,150594
1568725215,150541,150541
1568811615,150510,150510
1568898015,150576,150576
1568984414,150921,150921
1569070814,151196,151196
1569157215,151370,151370
1569243615,151123,151123
1569330014,151363,151363
1569416414,151494,151494
1569499214,151547,151547
1569585615,151541,151541
1569672015,151659,151659
1569758414,151133,151133
1569844815,150946,150946
1569931216,150801,150801
1570017614,150836,150836
1570104015,150831,150831
1570190415,151044,151044
1570276815,151500,151500
1570363214,151396,151396
1570449614,151225,151225
1570536014,151154,151154
1570622414,151960,151960
1570708814,151898,151898
1570795215,151872,151872
1570881614,152104,152104
1570968014,152063,152063
1571054414,152041,152041
1571140815,152201,152201
1571227215,152457,152457
1571313615,152603,152603
1571400015,153202,153202
1571486415,153658,153658
1571572815,153296,153296
1571659215,152543,152543
1571745614,152223,152223
1571832015,152101,152101
1571918415,151990,151990
1572004815,151983,151983
1572091214,152128,152128
1572174015,151959,151959
1572260415,151553,151553
1572346815,151115,151115
1572429615,151184,151184
1572516015,151317,151317
1572602415,151552,151552
1572688815,151851,151851
1572771614,152070,152070
1572854415,151828,151828
1572937214,151854,151854
1573020014,150971,150971
1573102815,150853,150853
1573189214,151294,151294
1573272015,151838,151838
1573358414,152203,152203
1573444815,151901,151901
1573531215,152773,152773
1573617615,153532,153532
1573704015,153869,153869
1573790416,153783,153783
1573873216,154575,154575
1573959615,154733,154733
1574046015,154305,154305
1574128814,154363,154363
1574208015,155153,155153
1574290815,156099,156099
1574373615,156959,156959
1574460014,157596,157596
1574546415,158423,158423
1574632818,158409,158409
1574719217,159026,159026
1574802016,159641,159641
1574888416,159984,159984
1574971216,162404,162404
1575057617,163306,163306
1575144016,164280,164280
1575230417,164175,164175
1575316816,164300,164300
1575403217,164382,164382
1575489617,164418,164418
1575576016,164883,164883
1575662418,165672,165672
1575748817,166410,166410
1575831618,166436,166436
1575918017,166721,166721
1576004416,167376,167376
1576090816,167988,167988
1576177215,168359,168359
1576263616,168369,168369
1576350017,168884,168884
1576436417,168657,168657
1576522816,168865,168865
1576609217,169131,169131
1576695616,169571,169571
1576782017,170218,170218
1576868416,170760,170760
1576954818,171521,171521
1577041217,171225,171225
1577127616,171300,171300
1577214017,171326,171326
1577300416,171145,171145
1577386817,171024,171024
1577473217,171543,171543
1577559618,171868,171868
1577646016,171495,171495
1577732417,171613,171613
1577815216,171878,171878
1577901617,171571,171571
1577984417,171920,171920
1578070817,172469,172469
1578157218,172971,172971
1578243617,173170,173170
1578330017,173140,173140
1578416416,173422,173422
1578502817,173700,173700
1578589216,173746,173746
1578675616,174063,174063
1578762017,174627,174627
1578848416,174534,174534
1578934817,174739,174739
1579021217,174849,174849
1579107616,175340,175340
1579194016,176009,176009
1579280418,176282,176282
1579366818,176554,176554
1579453217,176565,176565
1579539618,176731,176731
1579626016,176951,176951
1579712419,177198,177198
1579798817,177481,177481
1579881617,177689,177689
1579964416,177714,177714
1580050816,177693,177693
1580133617,177939,177939
1580220017,178332,178332
